1000
2147483607 7
2147477314 314
2147464479 4
2147472170 8
2147456686 4
2147477943 5
2147460367 7
2147473687 1
2147480653 2
2147478821 6
2147451257 4
2147479746 3
2147483356 2
2147466227 6
2147463930 930
2147478201 6
2147468877 7468877
2147481779 2
2147457981 9
2147466613 4
2147454945 1
2147452326 3
2147465975 4
2147468507 1
2147455395 8
2147458101 4
2147450986 7
2147463611 9
2147474925 1
2147456119 8
2147471332 5
2147461458 2
2147483360 6
2147474608 2
2147464384 8
2147456202 5
2147467758 9
2147459278 278
2147468642 1
2147459255 8
2147464019 3
2147459564 4
2147464892 8
2147478682 6
2147469717 8
2147466704 9
2147459022 3
2147478111 8
2147467530 2
2147460719 1
2147478815 5
2147479009 9009
2147460944 7
2147469671 6
2147451975 6
2147478627 5
2147456724 2
2147477378 9
2147456871 3
2147478551 2
2147459662 7
2147474487 6
2147461293 7
2147459993 4
2147479617 2
2147456298 7
2147466707 4
2147469682 5
2147452541 1
2147465641 7
2147468191 7
2147455895 3
2147468703 9
2147451439 8
2147459427 8
2147477226 6
2147456142 7
2147467235 8
2147482748 1
2147464886 5
2147466238 238
2147456024 7
2147462100 3
2147456053 1
2147480046 6
2147473357 6
2147474274 5
2147479052 1
2147456300 9
2147463980 4
2147475367 4
2147483595 9
2147457230 8
2147476748 8
2147465521 7
2147479920 3
2147459000 3
2147465841 841
2147469338 7
2147460835 4
2147469339 6
2147464713 1
2147463048 9
2147467129 6
2147460850 3
2147477424 8
2147477804 9
2147468659 2
2147480453 5
2147480555 3
2147453125 7
2147454334 3
2147476200 6
2147470190 8
2147463068 6
2147468850 1
2147464059 8
2147455639 7
2147463176 176
2147465110 2
2147477610 9
2147465458 7
2147475690 1
2147463833 8
2147464492 1
2147467446 4
2147459376 5
2147463320 6
2147457286 6
2147464773 3
2147453779 2
2147459804 6
2147461767 8
2147473326 1
2147473627 9
2147480091 6
2147455756 9
2147478573 2
2147481048 8
2147462645 9
2147465787 8
2147470247 9
2147468393 3
2147478646 5
2147459466 5
2147456560 6
2147455031 7
2147473816 2
2147479479 4
2147457927 9
2147463672 9
2147481280 2
2147462223 5
2147480214 9
2147476207 2
2147453503 7
2147461930 3
2147467509 3
2147467369 6
2147466961 9
2147461099 7
2147463782 9
2147483455 5
2147480351 6
2147455362 5
2147459160 2
2147471193 4
2147465534 1
2147452332 1
2147477862 3
2147479335 5
2147452463 3
2147482736 8
2147481816 5
2147479335 6
2147455327 8
2147460002 2
2147483167 4
2147460452 2
2147476519 1
2147478113 5
2147472475 6
2147471604 9
2147457356 9
2147466395 4
2147457494 1
2147478903 9
2147470462 3
2147479174 2
2147481480 8
2147464861 5
2147465690 1
2147473446 5
2147457171 4
2147474334 4
2147454314 4
2147459276 9
2147471815 2
2147476161 7
2147476130 7
2147465875 1
2147481885 8
2147466456 5
2147480546 5
2147454435 7
2147478846 9
2147453121 5
2147482105 4
2147472625 2
2147470587 1
2147452645 2
2147466143 3
2147460923 1
2147475156 2
2147466426 6
2147470584 5
2147464461 7
2147461235 4
2147469378 3
2147483413 3
2147463937 1
2147464752 7
2147476363 1
2147483508 4
2147480953 4
2147455629 5
2147457072 4
2147460990 2
2147466277 6
2147478970 3
2147459797 4
2147482630 4
2147462529 2
2147480848 7
2147452588 6
2147474638 7
2147451478 5
2147474072 7
2147471605 8
2147476484 9
2147475766 6
2147454083 7
2147454071 4
2147481023 7
2147478019 8
2147458225 6
2147476746 2
2147483525 6
2147479911 1
2147473453 5
2147482384 6
2147477446 6
2147478618 6
2147454637 1
2147477237 7
2147462495 8
2147453858 4
2147453460 3
2147478708 1
2147464986 9
2147452748 3
2147464690 8
2147475283 7
2147472171 6
2147457590 9
2147481345 4
2147464291 4
2147477171 8
2147462535 7
2147463847 8
2147469188 8
2147470655 4
2147464243 8
2147452537 4
2147470813 6
2147477576 4
2147464825 5
2147463092 6
2147482022 7
2147475122 7
2147454311 1
2147459779 1
2147470752 2
2147454031 2
2147470931 6
2147472063 1
2147459225 9
2147459419 5
2147477089 2
2147461352 5
2147471595 2
2147480064 4
2147476994 2
2147462191 9
2147461116 3
2147481041 3
2147482737 5
2147473581 8
2147478973 8
2147481425 2
2147459894 1
2147460907 5
2147462189 5
2147480427 7
2147482022 4
2147468443 3
2147459798 8
2147461369 1
2147471455 4
2147482011 4
2147478092 3
2147473472 5
2147476686 8
2147467767 9
2147469235 1
2147463793 5
2147470506 2
2147456037 7
2147463224 8
2147481896 3
2147455352 3
2147473608 3
2147482773 2
2147470830 4
2147482631 2
2147455536 5
2147470479 1
2147463608 8
2147454963 7
2147464151 9
2147457658 5
2147464295 4
2147464997 9
2147461604 8
2147483313 9
2147472456 5
2147458384 1
2147455145 9
2147459873 8
2147454356 7
2147466099 6
2147458087 7
2147477181 1
2147457519 8
2147455835 4
2147463047 7
2147463433 3
2147475435 2
2147457824 1
2147460256 9
2147480978 8
2147455621 4
2147473573 6
2147468150 7
2147477361 7
2147451044 3
2147462427 3
2147477942 3
2147474638 1
2147456159 2
2147471484 2
2147476029 3
2147476057 4
2147451830 2
2147482898 5
2147478673 9
2147483345 2
2147462550 7
2147470064 8
2147480677 4
2147460735 5
2147462103 2
2147466102 8
2147481879 2
2147475129 5
2147455359 4
2147480783 7
2147460403 8
2147455330 3
2147474047 3
2147462516 2
2147456496 7
2147455078 3
2147453747 3
2147469225 7
2147472048 9
2147469633 5
2147483620 3
2147458301 8
2147480705 7
2147461239 3
2147478599 1
2147482060 2
2147483040 2
2147462427 8
2147453694 8
2147469502 1
2147475699 3
2147462218 7
2147482900 7
2147479112 3
2147465613 6
2147468463 8
2147473795 9
2147472424 8
2147463725 9
2147451391 6
2147478704 5
2147460330 6
2147458237 5
2147463293 1
2147461099 6
2147465064 5
2147465684 2
2147475573 3
2147467506 6
2147461700 2
2147463222 6
2147457475 9
2147451244 5
2147463022 2
2147464273 3
2147467083 6
2147468912 1
2147452834 4
2147475392 2
2147459712 8
2147463166 5
2147462633 1
2147465418 1
2147469023 1
2147451011 6
2147463958 8
2147477986 4
2147472755 3
2147462232 2
2147469640 2
2147461415 4
2147467345 4
2147457345 6
2147483500 4
2147471331 3
2147456539 8
2147454448 9
2147462330 8
2147459598 5
2147452287 4
2147471745 6
2147454005 9
2147468746 1
2147455159 8
2147482366 3
2147452974 4
2147478246 3
2147479817 9
2147479770 9
2147464640 9
2147459677 3
2147461703 1
2147457144 2
2147450963 3
2147476950 9
2147470926 8
2147464611 9
2147452187 4
2147471140 1
2147479689 3
2147482133 9
2147458711 9
2147483590 3
2147469677 4
2147468531 5
2147459093 5
2147465318 9
2147453436 8
2147455566 4
2147467563 6
2147459164 4
2147475268 5
2147457697 1
2147465533 9
2147466538 8
2147460575 8
2147459671 2
2147453692 9
2147457535 8
2147470707 1
2147481925 3
2147483620 4
2147458870 7
2147478577 5
2147461674 1
2147472315 7
2147457495 5
2147451480 5
2147473972 9
2147454998 8
2147480339 3
2147478962 3
2147473532 9
2147456981 8
2147456969 4
2147454227 5
2147474822 6
2147476132 6
2147454982 7
2147455967 4
2147482308 6
2147477627 2
2147468927 4
2147454339 5
2147465746 3
2147466524 1
2147450903 2
2147455225 1
2147478842 8
2147474330 2
2147451741 7
2147460167 2
2147462512 1
2147459534 9
2147479564 6
2147471358 3
2147453652 2
2147482594 5
2147468940 8
2147476157 2
2147478517 4
2147467209 8
2147458926 4
2147476653 2
2147458379 9
2147465410 3
2147455730 6
2147465989 8
2147455162 6
2147476186 3
2147471490 2
2147482502 2
2147470611 5
2147473001 8
2147477046 7
2147479550 9
2147454356 1
2147476370 9
2147465296 8
2147469766 3
2147455333 5
2147474886 7
2147461312 7
2147452230 7
2147457820 1
2147456832 5
2147479199 5
2147482990 9
2147459128 9
2147454088 7
2147458486 5
2147462973 2
2147461287 4
2147467250 6
2147474934 6
2147462460 9
2147475010 3
2147468573 5
2147472127 5
2147468033 8
2147470414 5
2147482743 4
2147464091 2
2147469487 4
2147471099 9
2147483318 3
2147455298 3
2147460723 6
2147463911 6
2147465311 8
2147471255 6
2147452934 4
2147452057 9
2147464513 5
2147470311 4
2147467311 3
2147454984 5
2147458040 8
2147464367 5
2147474496 3
2147454996 4
2147473772 6
2147455252 2
2147477399 1
2147454474 9
2147482705 1
2147481707 9
2147475229 5
2147479843 5
2147467432 8
2147482033 9
2147472584 6
2147466755 4
2147470139 8
2147463953 3
2147468059 1
2147452476 8
2147456290 1
2147457380 6
2147455138 2
2147452874 9
2147452738 2
2147479466 1
2147468153 4
2147482774 4
2147468746 5
2147479188 4
2147476676 1
2147457526 7
2147462071 9
2147458043 5
2147456054 8
2147467305 4
2147481167 2
2147471976 9
2147470220 2
2147473886 7
2147459240 5
2147481740 3
2147471889 4
2147478444 6
2147479329 8
2147477703 6
2147475482 9
2147472281 2
2147461861 2
2147453092 4
2147480201 1
2147465365 2
2147454317 6
2147455065 8
2147470925 2
2147461630 6
2147474428 1
2147451466 6
2147464158 5
2147479324 6
2147463971 9
2147472005 4
2147467971 8
2147452580 1
2147451452 3
2147466820 7
2147454222 1
2147472951 2
2147464945 7
2147472240 5
2147474140 5
2147453410 7
2147457205 3
2147461147 6
2147458520 1
2147459998 9
2147472456 4
2147467779 1
2147456183 7
2147465935 3
2147465014 2
2147462676 4
2147458747 2
2147478471 7
2147457878 2
2147469284 1
2147467058 3
2147481411 3
2147451469 5
2147463479 7
2147471606 9
2147455466 8
2147475722 7
2147481978 8
2147477997 8
2147476435 8
2147457865 6
2147480906 4
2147479176 8
2147465214 1
2147462930 3
2147468781 5
2147472710 1
2147474391 8
2147455034 8
2147455190 1
2147457585 6
2147462841 8
2147464159 5
2147477283 5
2147476062 6
2147475815 6
2147470318 8
2147474720 2
2147471215 3
2147476882 5
2147463838 9
2147471811 2
2147451666 8
2147454296 9
2147452404 4
2147477040 2
2147472001 2
2147474113 8
2147480384 7
2147460405 9
2147461633 1
2147483459 6
2147463836 8
2147474125 1
2147459174 3
2147453757 5
2147463794 9
2147457951 9
2147465868 8
2147470717 4
2147480308 7
2147482749 5
2147475165 8
2147476156 3
2147455396 1
2147482088 4
2147481808 7
2147480863 9
2147452108 5
2147454857 2
2147470438 9
2147462070 9
2147452677 7
2147483575 3
2147482028 7
2147469822 6
2147463858 2
2147470070 9
2147463230 9
2147483489 9
2147470724 2
2147473268 268
2147455681 8
2147477171 3
2147468278 7
2147469452 452
2147469926 1
2147464629 1
2147472592 7
2147452485 3
2147469932 2
2147458196 1
2147478694 3
2147480786 6
2147468188 5
2147472744 9
2147463512 5
2147474450 2
2147469261 4
2147476408 7
2147466642 4
2147483407 2
2147458399 3
2147451890 5
2147454027 5
2147476352 6
2147467970 8
2147470069 8
2147456071 2
2147469641 9
2147459567 5
2147480970 6
2147455895 9
2147471864 5
2147480555 8
2147477476 3
2147453719 4
2147473480 5
2147472457 3
2147474726 8
2147477997 6
2147481504 6
2147452071 7
2147469019 6
2147477774 1
2147468179 2
2147475502 3
2147474557 5
2147456699 7
2147463008 2
2147483412 1
2147474161 6
2147455486 5
2147460465 4
2147453468 7
2147480583 5
2147481135 1
2147471070 8
2147466770 3
2147479037 7
2147481203 3
2147453673 9
2147458898 9
2147480315 5
2147461434 2
2147456641 2
2147474752 7
2147455126 2
2147451838 1
2147476417 7
2147476943 9
2147477327 8
2147452297 7
2147459440 6
2147461372 9
2147453459 2
2147455982 6
2147480193 8
2147454034 5
2147454395 7
2147452300 3
2147472787 1
2147454566 5
2147469451 6
2147474896 1
2147466352 1
2147457627 5
2147467701 4
2147465330 5
2147472272 4
2147453789 8
2147471574 3
2147476726 5
2147482005 8
2147475495 2
2147478901 4
2147463722 8
2147477198 1
2147458687 9
2147462793 3
2147477932 3
2147452087 5
2147477175 4
2147482098 3
2147482467 7
2147480949 2
2147465005 5
2147476476 9
2147473667 2
2147470172 1
2147475401 6
2147466977 5
2147451276 2
2147479659 8
2147460483 1
2147473990 3
2147466442 8
2147466700 6
2147456477 6
2147480252 7
2147452628 4
2147468119 8119
2147453539 4
2147471679 8
2147462031 5
2147467022 4
2147474480 6
2147457720 7
2147455530 6
2147468449 5
2147469162 9
2147471228 9
2147465377 3
2147456233 5
2147483330 3
2147482317 7
2147475261 4
2147460462 7
2147479288 7
2147455574 1
2147476496 1
2147473380 3
2147463763 7
2147452337 4
2147470971 6
2147475880 2
2147464235 464235
2147483106 7
2147453610 8
2147476293 9
2147452001 1
2147470555 4
2147472661 1
2147463155 7
2147474147 2
2147454201 5
2147472895 4
2147468564 5
2147470123 1
2147479684 1
2147478776 6
2147479992 3
2147461055 6
2147467568 8
2147462237 3
2147462680 1
2147456432 9
2147454880 5
2147452117 3
2147459869 3
2147471389 3
2147455712 5
2147459283 4
2147475928 5
2147457968 6
2147465193 5
2147479577 8
2147470089 6
2147478046 2
2147475743 3
2147476273 2
2147460763 2
2147462568 6
2147472851 2
2147473140 6
2147478308 6
2147474590 3
2147475908 6
2147463174 3
2147464551 6
2147460313 2
2147460248 7
2147460693 6
2147479507 8
2147471167 8
2147455333 6
2147467423 9
2147461636 6
2147472193 2
2147458605 2
2147483627 2
2147459136 8
2147457630 8
2147459931 4
2147465998 8
2147480313 9
2147480479 5
2147478345 3
2147461669 9
2147454543 1
2147464987 1
2147479996 3
2147459615 9
2147467661 2
2147457395 3
2147472228 4
2147450930 4
2147452585 9
2147462996 4
2147478879 4
2147468643 7
2147482054 7
2147459322 6
2147462325 1
2147475969 6
2147451060 5
2147454377 5
2147454427 6
2147463465 65
2147459693 8
2147458869 6
2147470386 5
2147460161 161
2147454615 8
2147470713 9
2147467655 5
2147458686 5
2147472647 5
2147471841 7
2147480979 4
2147450977 7
2147470650 5
2147470051 8
2147474810 4
2147476276 3
2147462620 4
2147454847 3
2147470158 4
2147452047 7
2147472451 2
2147463877 3
2147454347 47
2147475927 927
2147466227 5
2147465038 5
2147466907 2
2147451836 1
2147460633 5
2147480255 8
2147468369 2
